===== TASKBAR RAW DATA =====

===== HKCU:\Software\Microsoft\Windows\CurrentVersion\Explorer\StuckRects2 =====

Settings - 40 BYTES
28 00 00 00 FF FF FF FF 02 02 00 00 03 00 00 00 3E 00 00 00 28 00 00 00 00 00 00 00 93 03 00 00 80 07 00 00 BB 03 00 00
PSPath = Microsoft.PowerShell.Core\Registry::HKEY_CURRENT_USER\Software\Microsoft\Windows\CurrentVersion\Explorer\StuckRects2
PSParentPath = Microsoft.PowerShell.Core\Registry::HKEY_CURRENT_USER\Software\Microsoft\Windows\CurrentVersion\Explorer
PSChildName = StuckRects2
PSDrive = HKCU
PSProvider = Microsoft.PowerShell.Core\Registry

===== HKCU:\Software\Microsoft\Windows\CurrentVersion\Explorer\Taskband =====

FavoritesResolve - 1987 BYTES
94 02 00 00 4C 00 00 00 01 14 02 00 00 00 00 00 C0 00 00 00 00 00 00 46 83 00 80 00 20 00 00 00 17 D6 D6 77 83 3B DD 01 17 D6 D6 77 83 3B DD 01 36 42 94 A5 A4 6A CD 01 97 01 00 00 00 00 00 00 01 00 00 00 00 00 00 00 00 00 00 00 00 00 00 00 3E 01 14 00 1F 80 C8 27 34 1F 10 5C 10 42 AA 03 2E E4 52 87 D6 68 52 00 31 00 00 00 00 00 23 5D C7 48 11 00 54 61 73 6B 42 61 72 00 3C 00 08 00 04 00 EF BE 23 5D C7 48 23 5D C7 48 2A 00 00 00 E9 39 01 00 00 00 01 00 00 00 00 00 00 00 00 00 00 00 00 00 00 00 54 00 61 00 73 00 6B 00 42 00 61 00 72 00 00 00 16 00 D6 00 32 00 97 01 00 00 F9 40 17 A4 20 00 46 49 4C 45 45 58 7E 31 2E 4C 4E 4B 00 00 78 00 08 00 04 00 EF BE 23 5D C7 48 23 5D C7 48 2A 00 00 00 EC 39 01 00 00 00 01 00 00 00 00 00 00 00 00 00 4E 00 00 00 00 00 46 00 69 00 6C 00 65 00 20 00 45 00 78 00 70 00 6C 00 6F 00 72 00 65 00 72 00 2E 00 6C 00 6E 00 6B 00 00 00 40 00 73 00 68 00 65 00 6C 00 6C 00 33 00 32 00 2E 00 64 00 6C 00 6C 00 2C 00 2D 00 32 00 32 00 30 00 36 00 37 00 00 00 1C 00 42 00 00 00 1D 00 EF BE 02 00 4D 00 69 00 63 00 72 00 6F 00 73 00 6F 00 66 00 74 00 2E 00 57 00 69 00 6E 00 64 00 6F 00 77 00 73 00 2E 00 45 00 78 00 70 00 6C 00 6F 00 72 00 65 00 72 00 00 00 1C 00 00 00 A4 00 00 00 1C 00 00 00 01 00 00 00 1C 00 00 00 34 00 00 00 00 00 00 00 A3 00 00 00 18 00 00 00 03 00 00 00 FF 4A 6E 98 10 00 00 00 57 69 6E 64 6F 77 73 00 43 3A 5C 55 73 65 72 73 5C 70 69 67 65 6F 6E 5C 41 70 70 44 61 74 61 5C 52 6F 61 6D 69 6E 67 5C 4D 69 63 72 6F 73 6F 66 74 5C 49 6E 74 65 72 6E 65 74 20 45 78 70 6C 6F 72 65 72 5C 51 75 69 63 6B 20 4C 61 75 6E 63 68 5C 55 73 65 72 20 50 69 6E 6E 65 64 5C 54 61 73 6B 42 61 72 5C 46 69 6C 65 20 45 78 70 6C 6F 72 65 72 2E 6C 6E 6B 00 00 60 00 00 00 03 00 00 A0 58 00 00 00 00 00 00 00 77 69 6E 38 00 00 00 00 00 00 00 00 00 00 00 00 7A C0 C4 5E E6 E4 AA 46 B6 E1 D7 62 5D 23 C1 F3 AA AD 2E FB C0 A7 F1 11 BE 67 08 00 27 DD 4C 4E 7A C0 C4 5E E6 E4 AA 46 B6 E1 D7 62 5D 23 C1 F3 AA AD 2E FB C0 A7 F1 11 BE 67 08 00 27 DD 4C 4E 00 00 00 00 44 02 00 00 4C 00 00 00 01 14 02 00 00 00 00 00 C0 00 00 00 00 00 00 46 83 00 80 00 20 00 00 00 0D EB 1F 79 86 3B DD 01 06 01 53 83 86 3B DD 01 0D A5 62 78 86 3B DD 01 AF 03 00 00 00 00 00 00 01 00 00 00 00 00 00 00 00 00 00 00 00 00 00 00 F4 00 14 00 1F 80 C8 27 34 1F 10 5C 10 42 AA 03 2E E4 52 87 D6 68 52 00 31 00 00 00 00 00 23 5D 80 4B 11 00 54 61 73 6B 42 61 72 00 3C 00 08 00 04 00 EF BE 23 5D C7 48 23 5D 80 4B 2A 00 00 00 E9 39 01 00 00 00 01 00 00 00 00 00 00 00 00 00 00 00 00 00 00 00 54 00 61 00 73 00 6B 00 42 00 61 00 72 00 00 00 16 00 8C 00 32 00 AF 03 00 00 23 5D 76 4B 20 00 46 69 72 65 66 6F 78 2E 6C 6E 6B 00 44 00 08 00 04 00 EF BE 23 5D 76 4B 23 5D 81 4B 2A 00 00 00 9C 3C 01 00 00 00 06 00 00 00 00 00 00 00 00 00 00 00 00 00 00 00 46 00 69 00 72 00 65 00 66 00 6F 00 78 00 2E 00 6C 00 6E 00 6B 00 00 00 1A 00 2E 00 00 00 1D 00 EF BE 02 00 33 00 30 00 38 00 30 00 34 00 36 00 42 00 30 00 41 00 46 00 34 00 41 00 33 00 39 00 43 00 42 00 00 00 1A 00 00 00 9E 00 00 00 1C 00 00 00 01 00 00 00 1C 00 00 00 34 00 00 00 00 00 00 00 9D 00 00 00 18 00 00 00 03 00 00 00 FF 4A 6E 98 10 00 00 00 57 69 6E 64 6F 77 73 00 43 3A 5C 55 73 65 72 73 5C 70 69 67 65 6F 6E 5C 41 70 70 44 61 74 61 5C 52 6F 61 6D 69 6E 67 5C 4D 69 63 72 6F 73 6F 66 74 5C 49 6E 74 65 72 6E 65 74 20 45 78 70 6C 6F 72 65 72 5C 51 75 69 63 6B 20 4C 61 75 6E 63 68 5C 55 73 65 72 20 50 69 6E 6E 65 64 5C 54 61 73 6B 42 61 72 5C 46 69 72 65 66 6F 78 2E 6C 6E 6B 00 00 60 00 00 00 03 00 00 A0 58 00 00 00 00 00 00 00 77 69 6E 38 00 00 00 00 00 00 00 00 00 00 00 00 7A C0 C4 5E E6 E4 AA 46 B6 E1 D7 62 5D 23 C1 F3 D5 40 C9 9A 79 A7 F1 11 BE 6A 08 00 27 DD 4C 4E 7A C0 C4 5E E6 E4 AA 46 B6 E1 D7 62 5D 23 C1 F3 D5 40 C9 9A 79 A7 F1 11 BE 6A 08 00 27 DD 4C 4E 00 00 00 00 DF 02 00 00 4C 00 00 00 01 14 02 00 00 00 00 00 C0 00 00 00 00 00 00 46 83 00 80 00 20 00 00 00 96 28 67 BC 86 3B DD 01 96 28 67 BC 86 3B DD 01 66 B4 2D 46 06 6B CD 01 31 08 00 00 00 00 00 00 01 00 00 00 00 00 00 00 00 00 00 00 00 00 00 00 84 01 14 00 1F 80 C8 27 34 1F 10 5C 10 42 AA 03 2E E4 52 87 D6 68 52 00 31 00 00 00 00 00 23 5D B3 4B 11 00 54 61 73 6B 42 61 72 00 3C 00 08 00 04 00 EF BE 23 5D C7 48 23 5D B3 4B 2A 00 00 00 E9 39 01 00 00 00 01 00 00 00 00 00 00 00 00 00 00 00 00 00 00 00 54 00 61 00 73 00 6B 00 42 00 61 00 72 00 00 00 16 00 1C 01 32 00 31 08 00 00 FA 40 72 41 20 00 57 49 4E 44 4F 57 7E 31 2E 4C 4E 4B 00 00 5A 00 08 00 04 00 EF BE 23 5D B3 4B 23 5D B3 4B 2A 00 00 00 17 3E 01 00 00 00 03 00 00 00 00 00 00 00 00 00 00 00 00 00 00 00 57 00 69 00 6E 00 64 00 6F 00 77 00 73 00 20 00 50 00 6F 00 77 00 65 00 72 00 53 00 68 00 65 00 6C 00 6C 00 2E 00 6C 00 6E 00 6B 00 00 00 1C 00 A6 00 00 00 1D 00 EF BE 02 00 7B 00 31 00 41 00 43 00 31 00 34 00 45 00 37 00 37 00 2D 00 30 00 32 00 45 00 37 00 2D 00 34 00 45 00 35 00 44 00 2D 00 42 00 37 00 34 00 34 00 2D 00 32 00 45 00 42 00 31 00 41 00 45 00 35 00 31 00 39 00 38 00 42 00 37 00 7D 00 5C 00 57 00 69 00 6E 00 64 00 6F 00 77 00 73 00 50 00 6F 00 77 00 65 00 72 00 53 00 68 00 65 00 6C 00 6C 00 5C 00 76 00 31 00 2E 00 30 00 5C 00 70 00 6F 00 77 00 65 00 72 00 73 00 68 00 65 00 6C 00 6C 00 2E 00 65 00 78 00 65 00 00 00 1C 00 00 00 A9 00 00 00 1C 00 00 00 01 00 00 00 1C 00 00 00 34 00 00 00 00 00 00 00 A8 00 00 00 18 00 00 00 03 00 00 00 FF 4A 6E 98 10 00 00 00 57 69 6E 64 6F 77 73 00 43 3A 5C 55 73 65 72 73 5C 70 69 67 65 6F 6E 5C 41 70 70 44 61 74 61 5C 52 6F 61 6D 69 6E 67 5C 4D 69 63 72 6F 73 6F 66 74 5C 49 6E 74 65 72 6E 65 74 20 45 78 70 6C 6F 72 65 72 5C 51 75 69 63 6B 20 4C 61 75 6E 63 68 5C 55 73 65 72 20 50 69 6E 6E 65 64 5C 54 61 73 6B 42 61 72 5C 57 69 6E 64 6F 77 73 20 50 6F 77 65 72 53 68 65 6C 6C 2E 6C 6E 6B 00 00 60 00 00 00 03 00 00 A0 58 00 00 00 00 00 00 00 77 69 6E 38 00 00 00 00 00 00 00 00 00 00 00 00 7A C0 C4 5E E6 E4 AA 46 B6 E1 D7 62 5D 23 C1 F3 05 41 C9 9A 79 A7 F1 11 BE 6A 08 00 27 DD 4C 4E 7A C0 C4 5E E6 E4 AA 46 B6 E1 D7 62 5D 23 C1 F3 05 41 C9 9A 79 A7 F1 11 BE 6A 08 00 27 DD 4C 4E 00 00 00 00

Favorites - 966 BYTES
00 3E 01 00 00 14 00 1F 80 C8 27 34 1F 10 5C 10 42 AA 03 2E E4 52 87 D6 68 52 00 31 00 00 00 00 00 23 5D C7 48 11 00 54 61 73 6B 42 61 72 00 3C 00 08 00 04 00 EF BE 23 5D C7 48 23 5D C7 48 2A 00 00 00 E9 39 01 00 00 00 01 00 00 00 00 00 00 00 00 00 00 00 00 00 00 00 54 00 61 00 73 00 6B 00 42 00 61 00 72 00 00 00 16 00 D6 00 32 00 97 01 00 00 F9 40 17 A4 20 00 46 49 4C 45 45 58 7E 31 2E 4C 4E 4B 00 00 78 00 08 00 04 00 EF BE 23 5D C7 48 23 5D C7 48 2A 00 00 00 EC 39 01 00 00 00 01 00 00 00 00 00 00 00 00 00 4E 00 00 00 00 00 46 00 69 00 6C 00 65 00 20 00 45 00 78 00 70 00 6C 00 6F 00 72 00 65 00 72 00 2E 00 6C 00 6E 00 6B 00 00 00 40 00 73 00 68 00 65 00 6C 00 6C 00 33 00 32 00 2E 00 64 00 6C 00 6C 00 2C 00 2D 00 32 00 32 00 30 00 36 00 37 00 00 00 1C 00 42 00 00 00 1D 00 EF BE 02 00 4D 00 69 00 63 00 72 00 6F 00 73 00 6F 00 66 00 74 00 2E 00 57 00 69 00 6E 00 64 00 6F 00 77 00 73 00 2E 00 45 00 78 00 70 00 6C 00 6F 00 72 00 65 00 72 00 00 00 1C 00 00 00 00 F4 00 00 00 14 00 1F 80 C8 27 34 1F 10 5C 10 42 AA 03 2E E4 52 87 D6 68 52 00 31 00 00 00 00 00 23 5D 80 4B 11 00 54 61 73 6B 42 61 72 00 3C 00 08 00 04 00 EF BE 23 5D C7 48 23 5D 80 4B 2A 00 00 00 E9 39 01 00 00 00 01 00 00 00 00 00 00 00 00 00 00 00 00 00 00 00 54 00 61 00 73 00 6B 00 42 00 61 00 72 00 00 00 16 00 8C 00 32 00 AF 03 00 00 23 5D 76 4B 20 00 46 69 72 65 66 6F 78 2E 6C 6E 6B 00 44 00 08 00 04 00 EF BE 23 5D 76 4B 23 5D 81 4B 2A 00 00 00 9C 3C 01 00 00 00 06 00 00 00 00 00 00 00 00 00 00 00 00 00 00 00 46 00 69 00 72 00 65 00 66 00 6F 00 78 00 2E 00 6C 00 6E 00 6B 00 00 00 1A 00 2E 00 00 00 1D 00 EF BE 02 00 33 00 30 00 38 00 30 00 34 00 36 00 42 00 30 00 41 00 46 00 34 00 41 00 33 00 39 00 43 00 42 00 00 00 1A 00 00 00 00 84 01 00 00 14 00 1F 80 C8 27 34 1F 10 5C 10 42 AA 03 2E E4 52 87 D6 68 52 00 31 00 00 00 00 00 23 5D B3 4B 11 00 54 61 73 6B 42 61 72 00 3C 00 08 00 04 00 EF BE 23 5D C7 48 23 5D B3 4B 2A 00 00 00 E9 39 01 00 00 00 01 00 00 00 00 00 00 00 00 00 00 00 00 00 00 00 54 00 61 00 73 00 6B 00 42 00 61 00 72 00 00 00 16 00 1C 01 32 00 31 08 00 00 FA 40 72 41 20 00 57 49 4E 44 4F 57 7E 31 2E 4C 4E 4B 00 00 5A 00 08 00 04 00 EF BE 23 5D B3 4B 23 5D B3 4B 2A 00 00 00 17 3E 01 00 00 00 03 00 00 00 00 00 00 00 00 00 00 00 00 00 00 00 57 00 69 00 6E 00 64 00 6F 00 77 00 73 00 20 00 50 00 6F 00 77 00 65 00 72 00 53 00 68 00 65 00 6C 00 6C 00 2E 00 6C 00 6E 00 6B 00 00 00 1C 00 A6 00 00 00 1D 00 EF BE 02 00 7B 00 31 00 41 00 43 00 31 00 34 00 45 00 37 00 37 00 2D 00 30 00 32 00 45 00 37 00 2D 00 34 00 45 00 35 00 44 00 2D 00 42 00 37 00 34 00 34 00 2D 00 32 00 45 00 42 00 31 00 41 00 45 00 35 00 31 00 39 00 38 00 42 00 37 00 7D 00 5C 00 57 00 69 00 6E 00 64 00 6F 00 77 00 73 00 50 00 6F 00 77 00 65 00 72 00 53 00 68 00 65 00 6C 00 6C 00 5C 00 76 00 31 00 2E 00 30 00 5C 00 70 00 6F 00 77 00 65 00 72 00 73 00 68 00 65 00 6C 00 6C 00 2E 00 65 00 78 00 65 00 00 00 1C 00 00 00 FF
FavoritesChanges = 10
FavoritesVersion = 2
PSPath = Microsoft.PowerShell.Core\Registry::HKEY_CURRENT_USER\Software\Microsoft\Windows\CurrentVersion\Explorer\Taskband
PSParentPath = Microsoft.PowerShell.Core\Registry::HKEY_CURRENT_USER\Software\Microsoft\Windows\CurrentVersion\Explorer
PSChildName = Taskband
PSDrive = HKCU
PSProvider = Microsoft.PowerShell.Core\Registry

===== HKCU:\Software\Microsoft\Windows\CurrentVersion\Explorer\Streams\Desktop =====

TaskbarWinXP - 68 BYTES
0C 00 00 00 08 00 00 00 01 00 00 00 00 00 00 00 AA 4F 28 68 48 6A D0 11 8C 78 00 C0 4F D9 18 B4 00 00 00 00 40 0D 00 00 00 00 00 00 28 00 00 00 00 00 00 00 00 00 00 00 28 00 00 00 00 00 00 00 01 00 00 00
Upgrade = 1
PSPath = Microsoft.PowerShell.Core\Registry::HKEY_CURRENT_USER\Software\Microsoft\Windows\CurrentVersion\Explorer\Streams\Desktop
PSParentPath = Microsoft.PowerShell.Core\Registry::HKEY_CURRENT_USER\Software\Microsoft\Windows\CurrentVersion\Explorer\Streams
PSChildName = Desktop
PSDrive = HKCU
PSProvider = Microsoft.PowerShell.Core\Registry
===== END =====
